-84.73390905555554
-40.427894827586215
-154.6638825882353
-76.90087783333334
-71.76389204761901
-40.427894827586215
-159.95122591666666
42.3339434
-112.1134344
-143.8108080909091
-142.1821952142857
-49.286911888888895
-144.88608810526313
-63.59951663888887
22.5198382173913
-26.5477553
-34.24952105263157
-65.47863900000002
-107.94234282926823
-26.5477553
-144.88608810526313
-83.40529458620689
-63.59951663888887
-154.18976423076924
-67.80649102272729
21.254999904761902
-76.90087783333334
-28.644187361111115
-84.73390905555554
-28.644187361111115
42.3339434
-67.80649102272729
-144.88608810526313
-154.6638825882353
-83.40529458620689
-107.94234282926823
-104.25728787499999
-33.38390557894738
-71.76389204761901
-86.3083052962963
-54.13115525
-43.28097962499999
-34.24952105263157
-75.75263495348837
-146.19430100000002
-77.26365872727273
-61.38321229999999
0.07967964285714249
-34.24952105263157
-144.88608810526313
-71.76389204761901
-144.88608810526313
-75.75263495348837
-129.2988673846154
-113.03271783333334
-76.0667115
-11.06738309090909
-25.812060333333328
-19.41414261111111
-119.41055003703708
-144.88608810526313
-33.38390557894738
-82.29525068749997
-115.53460857142856
-106.23928131249998
-115.53460857142856
-88.50480580000001
-76.9129805
-129.2988673846154
-34.24952105263157
-28.644187361111115
-113.03271783333334
-107.94234282926823
-28.644187361111115
-65.47863900000002
-70.70563125
-34.24952105263157
-107.94234282926823
-33.38390557894738
-19.41414261111111
-75.75263495348837
-63.59951663888887
-113.38655444444443
-41.04546065517242
-49.040880125
-5.3159189
-19.41414261111111
-26.5477553
-112.1134344
-113.03271783333334
-28.87033
-123.1423096
-192.99430900000002
-113.38655444444443
-76.15885899999999
-67.80649102272729
-154.6638825882353
-86.3083052962963
-83.40529458620689
-77.26365872727273
-97.04205908333334
-49.40424019999999
-78.19813266666667
-67.80649102272729
-84.73390905555554
-93.45582709523808
-144.88608810526313
-4.973396937499999
-1.415330095238096
-40.427894827586215
-83.40529458620689
-49.286911888888895
-28.644187361111115
-108.00236899999999
-33.951223692307686
-61.38321229999999
-113.38655444444443
-65.47863900000002
40.14869422222223
-71.76389204761901
-107.94234282926823
-83.40529458620689
-144.88608810526313
-71.76389204761901
-97.04205908333334
-19.41414261111111
-95.47594407692307
-113.38655444444443
-115.53460857142856
-93.69390175000001
-97.04205908333334
-115.53460857142856
-143.8108080909091
-63.59951663888887
-83.40529458620689
-63.59951663888887
-71.76389204761901
-26.5477553
-82.29525068749997
-76.90087783333334
-113.38655444444443
-49.40424019999999
-67.80649102272729
42.3339434
-144.88608810526313
-34.24952105263157
-93.45582709523808
-61.657341399999986
-28.644187361111115
-63.59951663888887
-33.38390557894738
-83.40529458620689
-49.40424019999999
-84.73390905555554
-28.644187361111115
-67.80649102272729
-77.489846
-25.812060333333328
42.3339434
-144.88608810526313
-147.7504612222222
-142.1821952142857
-25.812060333333328
-130.54816885714288
-113.03271783333334
-40.427894827586215
-146.19430100000002
42.538621285714285
-49.286911888888895
-84.73390905555554
-76.0667115
-93.69390175000001
-34.24952105263157
-169.63444
-75.75263495348837
-83.40529458620689
-54.78334316666667
-63.59951663888887
-5.3159189
-61.38321229999999
-129.2988673846154
-146.19430100000002
-97.04205908333334
-80.54655557142857
-75.75263495348837
-33.38390557894738
-61.657341399999986
48.001743399999995
-144.88608810526313
-75.75263495348837
-147.7504612222222
-119.41055003703708
-196.799067125
-115.38278881395348
-77.26365872727273
-146.19430100000002
40.243921285714286
-25.812060333333328
-61.657341399999986
-93.45582709523808
-25.812060333333328
-19.41414261111111
-33.38390557894738
-143.8108080909091
-65.4026240625
-113.38655444444443
-56.93269671428571
-65.4026240625
-25.812060333333328
-75.75263495348837
-34.24952105263157
-84.73390905555554
-107.94234282926823
-113.38655444444443
-144.88608810526313
-88.50480580000001
-75.75520442857143
-61.657341399999986
-130.54816885714288
-49.40424019999999
-45.946034
27.477725083333336
-83.40529458620689
-84.73390905555554
-49.286911888888895
-93.45582709523808
-71.76389204761901
-25.812060333333328
-173.38133399999998
42.538621285714285
-25.812060333333328
-28.644187361111115
-93.212875
-34.24952105263157
-144.88608810526313
-86.3083052962963
-113.38655444444443
-115.38278881395348
-145.785824
-33.38390557894738
-12.152578529411766
21.254999904761902
-166.217361
-75.75263495348837
-19.41414261111111
-80.54655557142857
-34.24952105263157
-146.19430100000002
-138.03669825
-40.427894827586215
-65.4026240625
-82.29525068749997
-106.23928131249998
-106.23928131249998
-34.24952105263157
-113.38655444444443
-40.427894827586215
19.501139239999997
-49.286911888888895
-107.94234282926823
-77.26365872727273
-34.24952105263157
42.3339434
-143.8108080909091
-164.92442045454547
-28.644187361111115
-119.41055003703708
-84.73390905555554
27.477725083333336
-154.18976423076924
-97.04205908333334
-25.812060333333328
-25.812060333333328
22.5198382173913
-88.50480580000001
-119.41055003703708
-143.8108080909091
27.477725083333336
-75.75263495348837
-63.59951663888887
-113.38655444444443
-49.40424019999999
-12.152578529411766
-75.75520442857143
-28.644187361111115
-63.59951663888887
-61.657341399999986
27.477725083333336
-67.80649102272729
40.243921285714286
0.07967964285714249
-40.427894827586215
-45.946034
-144.88608810526313
-82.29525068749997
-83.40529458620689
-113.03271783333334
-160.46693770000002
-113.03271783333334
-49.286911888888895
-54.13115525
-115.53460857142856
-119.41055003703708
-86.3083052962963
6.25811175
-61.657341399999986
-62.7903106
-61.657341399999986
-61.38321229999999
-1.415330095238096
-19.41414261111111
-33.951223692307686
-49.286911888888895
-28.644187361111115
-61.657341399999986
-113.03271783333334
-84.73390905555554
-33.38390557894738
-100.4625815
-33.38390557894738
-115.38278881395348
-29.720895666666667
-28.644187361111115
-119.41055003703708
-29.720895666666667
-61.657341399999986
-107.94234282926823
-70.0541009
-33.951223692307686
22.5198382173913
-4.973396937499999
-75.75263495348837
-196.799067125
-138.03669825
-41.04546065517242
-84.73390905555554
-65.4026240625
-123.1423096
-67.80649102272729
-45.946034
-126.04764987499999
-76.15885899999999
-82.29525068749997
-45.946034
-82.29525068749997
-164.92442045454547
-34.24952105263157
-34.24952105263157
-33.38390557894738
-113.03271783333334
-25.812060333333328
-93.69390175000001
-144.88608810526313
-130.54816885714288
-113.03271783333334
-83.40529458620689
-33.38390557894738
27.477725083333336
-61.657341399999986
-19.41414261111111
-119.41055003703708
-97.04205908333334
-34.24952105263157
-83.40529458620689
-71.76389204761901
-26.5477553
-166.217361
-33.38390557894738
-65.4026240625
-49.40424019999999
-63.59951663888887
-41.04546065517242
-26.5477553
-26.5477553
-41.04546065517242
-76.0667115
-95.47594407692307
-45.946034
-93.212875
-56.93269671428571
-100.4625815
-54.78334316666667
-78.19813266666667
-33.38390557894738
-28.644187361111115
-49.40424019999999
-34.24952105263157
-61.657341399999986
-72.89854891666667
-40.733017
-115.53460857142856
-113.38655444444443
-5.3159189
-62.7903106
-76.90087783333334
-70.0541009
-113.03271783333334
-56.93269671428571
-67.80649102272729
-84.73390905555554
-115.38278881395348
-43.28097962499999
-93.45582709523808
-63.59951663888887
-83.40529458620689
-107.94234282926823
-83.40529458620689
-28.644187361111115
-12.152578529411766
-83.40529458620689
-143.8108080909091
-70.0541009
-75.75263495348837
-93.69390175000001
-142.1821952142857
46.29561666666666
-67.80649102272729
-82.29525068749997
-83.40529458620689
-142.1821952142857
-144.88608810526313
-112.1134344
-33.38390557894738
-61.657341399999986
-33.38390557894738
-25.812060333333328
-83.40529458620689
-84.73390905555554
-166.217361
-112.62226483333332
-34.24952105263157
-143.8108080909091
-93.45582709523808
-40.427894827586215
-64.2707485
-115.38278881395348
-26.5477553
-75.75263495348837
-34.24952105263157
-164.60357333333332
-88.50480580000001
-67.80649102272729
-67.80649102272729
-129.2988673846154
-76.0667115
-33.38390557894738
-72.89854891666667
-28.644187361111115
-83.40529458620689
-33.38390557894738
-25.812060333333328
-143.8108080909091
-93.45582709523808
-63.59951663888887
-65.4026240625
-41.04546065517242
-19.41414261111111
-28.644187361111115
-83.40529458620689
-154.6638825882353
-75.75520442857143
-84.73390905555554
2.4718963888888883
-112.62226483333332
40.243921285714286
-5.3159189
21.254999904761902
-78.19813266666667
-138.03669825
-40.427894827586215
-54.78334316666667
-144.88608810526313
-151.35032474999997
-28.644187361111115
-113.38655444444443
-26.5477553
-104.25728787499999
-33.951223692307686
-5.3159189
-115.38278881395348
-46.185447499999995
-45.946034
-33.951223692307686
-63.928377
-76.90087783333334
-62.7903106
42.538621285714285
-144.88608810526313
-63.59951663888887
-84.73390905555554
-119.41055003703708
-28.644187361111115
27.477725083333336
-56.93269671428571
-65.47863900000002
-93.45582709523808
-75.75263495348837
-104.25728787499999
-67.80649102272729
-115.53460857142856
16.339223913043476
-75.75263495348837
-82.29525068749997
-112.1134344
-34.24952105263157
42.538621285714285
-86.3083052962963
-143.8108080909091
-28.644187361111115
-83.40529458620689
-144.88608810526313
-25.812060333333328
-65.4026240625
-113.03271783333334
-129.2988673846154
-28.644187361111115
-34.24952105263157
-144.88608810526313
-115.38278881395348
-45.946034
-129.2988673846154
-112.1134344
-26.5477553
-33.38390557894738
21.254999904761902
-33.38390557894738
-34.24952105263157
-115.38278881395348
-1.415330095238096
-129.2988673846154
-67.80649102272729
-115.38278881395348
-83.40529458620689
27.477725083333336
-62.7903106
-71.76389204761901
-67.80649102272729
-144.88608810526313
-93.69390175000001
-93.45582709523808
-75.75520442857143
-115.38278881395348
-75.75263495348837
-56.93269671428571
-25.812060333333328
-56.93269671428571
-113.38655444444443
-33.38390557894738
19.501139239999997
-95.47594407692307
-126.04764987499999
-144.88608810526313
-77.26365872727273
-95.47594407692307
-83.40529458620689
-76.0667115
-41.04546065517242
-138.03669825
-123.1423096
-83.40529458620689
-56.93269671428571
-41.04546065517242
-63.59951663888887
-93.69390175000001
-107.94234282926823
-70.0541009
-113.38655444444443
-33.38390557894738
-115.38278881395348
-34.24952105263157
-142.1821952142857
-40.427894827586215
-100.4625815
-83.40529458620689
-26.5477553
8.18456113333333
-84.73390905555554
-25.812060333333328
40.243921285714286
-93.69390175000001
19.501139239999997
-107.94234282926823
-88.50480580000001
-28.644187361111115
-83.40529458620689
-130.54816885714288
-115.38278881395348
-83.40529458620689
-86.3083052962963
-63.59951663888887
-41.04546065517242
42.538621285714285
-129.55362
-40.427894827586215
-154.18976423076924
-40.427894827586215
-28.644187361111115
-5.3159189
-113.38655444444443
-104.25728787499999
-25.812060333333328
42.538621285714285
-113.38655444444443
-34.24952105263157
-119.41055003703708
-49.40424019999999
-130.54816885714288
-93.45582709523808
-67.80649102272729
-75.75263495348837
-146.19430100000002
-12.152578529411766
-138.03669825
-5.3159189
-61.38321229999999
-83.40529458620689
-113.03271783333334
-115.38278881395348
-84.73390905555554
-25.812060333333328
-49.40424019999999
-33.38390557894738
-95.47594407692307
-61.657341399999986
-119.41055003703708
2.4718963888888883
2.4718963888888883
-11.06738309090909
-106.23928131249998
10.557030166666665
-113.38655444444443
-93.69390175000001
-143.8108080909091
40.14869422222223
-63.59951663888887
-33.38390557894738
-93.45582709523808
-82.29525068749997
-143.8108080909091
-53.871081875
-61.657341399999986
-129.2988673846154
-83.40529458620689
37.691834111111106
-82.29525068749997
-82.29525068749997
-75.75520442857143
40.243921285714286
-113.38655444444443
-196.799067125
-19.41414261111111
-144.88608810526313
-25.812060333333328
-45.946034
-143.8108080909091
-19.41414261111111
-119.41055003703708
-49.286911888888895
-200.5670093125
-129.2988673846154
-107.94234282926823
-154.18976423076924
-28.644187361111115
-19.41414261111111
-25.812060333333328
-198.17303475
-40.427894827586215
-144.88608810526313
-40.427894827586215
-61.657341399999986
-113.03271783333334
46.29561666666666
-112.1134344
-65.51252325
-34.24952105263157
-63.59951663888887
-25.812060333333328
-129.2988673846154
-63.59951663888887
22.5198382173913
-83.40529458620689
-61.38321229999999
41.34244185714285
-100.4625815
-29.720895666666667
-82.29525068749997
-106.23928131249998
-5.3159189
-33.38390557894738
-34.24952105263157
-97.04205908333334
-61.657341399999986
-67.80649102272729
-93.69390175000001
-67.80649102272729
-34.24952105263157
-82.29525068749997
-34.24952105263157
-49.40424019999999
-113.38655444444443
-82.29525068749997
-130.54816885714288
-19.41414261111111
-129.2988673846154
-166.217361
-86.3083052962963
-49.40424019999999
-129.2988673846154
-33.38390557894738
19.501139239999997
27.477725083333336
-200.5670093125
-82.29525068749997
-115.53460857142856
-83.40529458620689
-65.47863900000002
-71.76389204761901
-28.644187361111115
-113.38655444444443
40.14869422222223
-93.45582709523808
-82.29525068749997
-196.799067125
-123.1423096
-83.40529458620689
-67.80649102272729
-115.38278881395348
-144.88608810526313
-67.80649102272729
-86.3083052962963
-76.90087783333334
-95.47594407692307
-115.38278881395348
-49.286911888888895
-154.18976423076924
-19.41414261111111
-28.644187361111115
-29.720895666666667
-143.8108080909091
-54.78334316666667
-75.75263495348837
-119.41055003703708
-26.5477553
-107.94234282926823
-33.951223692307686
-61.657341399999986
-40.427894827586215
-129.2988673846154
-129.2988673846154
-115.53460857142856
-93.69390175000001
-113.38655444444443
-41.04546065517242
-63.59951663888887
-93.69390175000001
27.477725083333336
-112.62226483333332
-19.41414261111111
-119.41055003703708
-93.34224850000001
-115.38278881395348
37.691834111111106
-138.03669825
-61.657341399999986
-28.644187361111115
-84.73390905555554
-49.40424019999999
-40.427894827586215
-93.45582709523808
21.254999904761902
-76.9129805
-170.40953794117647
-104.25728787499999
-33.951223692307686
2.4718963888888883
19.501139239999997
-144.88608810526313
27.477725083333336
-129.2988673846154
-107.94234282926823
-75.75263495348837
-34.24952105263157
-61.38321229999999
-41.04546065517242
-129.2988673846154
-86.3083052962963
-115.38278881395348
-113.03271783333334
-78.19813266666667
-75.75263495348837
-11.06738309090909
-63.59951663888887
-34.24952105263157
-75.75520442857143
-106.23928131249998
-40.427894827586215
-159.95122591666666
19.501139239999997
-115.38278881395348
-84.73390905555554
-25.812060333333328
-56.93269671428571
-33.38390557894738
-143.8108080909091
-65.4026240625
-71.76389204761901
-19.41414261111111
-83.40529458620689
-107.94234282926823
-33.38390557894738
-40.427894827586215
-123.1423096
-138.03669825
-142.1821952142857
-5.3159189
-63.59951663888887
-33.38390557894738
-77.489846
-25.812060333333328
42.3339434
46.29561666666666
-129.2988673846154
-41.04546065517242
-34.24952105263157
-28.644187361111115
48.001743399999995
22.5198382173913
-75.75263495348837
-65.47863900000002
-86.3083052962963
-34.24952105263157
-105.33663324999999
-84.73390905555554
-46.185447499999995
-46.185447499999995
19.501139239999997
-107.94234282926823
19.501139239999997
-95.47594407692307
-95.47594407692307
-28.644187361111115
-33.38390557894738
-56.93269671428571
-107.94234282926823
-154.6638825882353
-100.4625815
-75.75263495348837
-33.38390557894738
-28.644187361111115
-67.80649102272729
-70.70563125
-75.75520442857143
16.339223913043476
-76.15885899999999
-4.973396937499999
-67.80649102272729
37.691834111111106
-33.951223692307686
40.14869422222223
8.18456113333333
-130.54816885714288
-71.76389204761901
-86.3083052962963
-67.80649102272729
-45.946034
-129.2988673846154
-63.59951663888887
-93.45582709523808
-126.04764987499999
-83.40529458620689
-76.0667115
-26.5477553
-19.41414261111111
-33.38390557894738
-26.5477553
-25.812060333333328
-67.80649102272729
-82.29525068749997
-63.59951663888887
-63.59951663888887
-138.03669825
-113.38655444444443
-104.25728787499999
-84.73390905555554
42.3339434
21.254999904761902
19.501139239999997
40.243921285714286
-33.38390557894738
-71.76389204761901
-33.38390557894738
-83.40529458620689
-65.51252325
-45.946034
-62.7903106
-63.59951663888887
-106.23928131249998
46.29561666666666
-143.8108080909091
-84.73390905555554
-19.41414261111111
-129.2988673846154
-112.1134344
-26.5477553
-83.40529458620689
-54.78334316666667
-93.45582709523808
-33.951223692307686
-119.41055003703708
-146.19430100000002
46.29561666666666
-28.644187361111115
-129.2988673846154
-76.0667115
-67.80649102272729
-41.04546065517242
21.254999904761902
42.3339434
41.34244185714285
-28.644187361111115
-56.93269671428571
-41.04546065517242
-26.5477553
-97.04205908333334
-84.73390905555554
-67.80649102272729
-146.19430100000002
-67.80649102272729
-78.19813266666667
-160.46693770000002
-34.24952105263157
19.501139239999997
-112.1134344
-76.90087783333334
-115.38278881395348
-112.1134344
-78.19813266666667
-34.24952105263157
-33.38390557894738
-63.59951663888887
-77.26365872727273
-71.76389204761901
21.254999904761902
-83.40529458620689
-115.38278881395348
-83.40529458620689
-126.04764987499999
-4.973396937499999
-34.24952105263157
-113.38655444444443
-61.38321229999999
-76.90087783333334
-164.60357333333332
-67.80649102272729
-82.29525068749997
-61.38321229999999
-113.03271783333334
-107.94234282926823
-67.80649102272729
-115.38278881395348
-67.80649102272729
-76.15885899999999
-113.38655444444443
-49.286911888888895
-102.24203385714286
-56.93269671428571
-82.29525068749997
-5.3159189
-19.41414261111111
40.243921285714286
-45.946034
-107.94234282926823
-33.38390557894738
8.18456113333333
-61.657341399999986
-145.785824
-28.644187361111115
-41.04546065517242
-104.25728787499999
-12.1640172
-95.47594407692307
-84.73390905555554
22.5198382173913
-130.54816885714288
-84.73390905555554
-82.29525068749997
-95.47594407692307
-71.76389204761901
-67.80649102272729
-142.1821952142857
-112.1134344
-19.41414261111111
-88.50480580000001
-75.75263495348837
-71.76389204761901
19.501139239999997
-82.29525068749997
-49.040880125
-106.23928131249998
-97.04205908333334
